2.498000e+01 3.237964e-02 1.000000e+00 1.914002e-03 5.643852e-02 1.464780e+12
2.498000e+01 3.280712e-02 1.058845e+00 1.939271e-03 5.708358e-02 1.387482e+12
2.498000e+01 3.321787e-02 1.121152e+00 1.963551e-03 5.769012e-02 1.317647e+12
2.498000e+01 3.361370e-02 1.187126e+00 1.986949e-03 5.824048e-02 1.253718e+12
2.498000e+01 3.399563e-02 1.256981e+00 2.009525e-03 5.875118e-02 1.195248e+12
2.498000e+01 3.436481e-02 1.330948e+00 2.031348e-03 5.923840e-02 1.141800e+12
2.498000e+01 3.472169e-02 1.409267e+00 2.052444e-03 5.964744e-02 1.091803e+12
2.498000e+01 3.525501e-02 1.492195e+00 2.083969e-03 6.022480e-02 1.021475e+12
2.498000e+01 3.591284e-02 1.580002e+00 2.122854e-03 6.099194e-02 9.431488e+11
2.498000e+01 3.659855e-02 1.672977e+00 2.163387e-03 6.176355e-02 8.688994e+11
2.498000e+01 3.730212e-02 1.771422e+00 2.204976e-03 6.259041e-02 8.005657e+11
2.498000e+01 3.801504e-02 1.875661e+00 2.247118e-03 6.345083e-02 7.382727e+11
2.498000e+01 3.873195e-02 1.986034e+00 2.289496e-03 6.429934e-02 6.814220e+11
2.498000e+01 3.956295e-02 2.102901e+00 2.338617e-03 6.523387e-02 6.217080e+11
2.498000e+01 4.044650e-02 2.226645e+00 2.390845e-03 6.622006e-02 5.651209e+11
2.498000e+01 4.133626e-02 2.357671e+00 2.443440e-03 6.715561e-02 5.140234e+11
2.498000e+01 4.222628e-02 2.496407e+00 2.496050e-03 6.812638e-02 4.687676e+11
2.498000e+01 4.315419e-02 2.643307e+00 2.550900e-03 6.906769e-02 4.263015e+11
2.498000e+01 4.415156e-02 2.798852e+00 2.609856e-03 7.000345e-02 3.854300e+11
2.498000e+01 4.515170e-02 2.963549e+00 2.668975e-03 7.088034e-02 3.489089e+11
2.498000e+01 4.614069e-02 3.137938e+00 2.727436e-03 7.165984e-02 3.165280e+11
2.498000e+01 4.720057e-02 3.322588e+00 2.790087e-03 7.241533e-02 2.855293e+11
2.498000e+01 4.827028e-02 3.518104e+00 2.853319e-03 7.315039e-02 2.578541e+11
2.498000e+01 4.932305e-02 3.725126e+00 2.915549e-03 7.369847e-02 2.332198e+11
2.498000e+01 5.042068e-02 3.944329e+00 2.980431e-03 7.421160e-02 2.103706e+11
2.498000e+01 5.150887e-02 4.176432e+00 3.044756e-03 7.462424e-02 1.901194e+11
2.498000e+01 5.260988e-02 4.422192e+00 3.109838e-03 7.495430e-02 1.717975e+11
2.498000e+01 5.375146e-02 4.682414e+00 3.177318e-03 7.514238e-02 1.547000e+11
2.498000e+01 5.489292e-02 4.957949e+00 3.244791e-03 7.525880e-02 1.394866e+11
2.498000e+01 5.602775e-02 5.249697e+00 3.311873e-03 7.523419e-02 1.258798e+11
2.498000e+01 5.715432e-02 5.558613e+00 3.378465e-03 7.499776e-02 1.135951e+11
2.498000e+01 5.830703e-02 5.885707e+00 3.446603e-03 7.474179e-02 1.024509e+11
2.498000e+01 5.947083e-02 6.232049e+00 3.515398e-03 7.433535e-02 9.230641e+10
2.498000e+01 6.064989e-02 6.598771e+00 3.585093e-03 7.386592e-02 8.314775e+10
2.498000e+01 6.180715e-02 6.987073e+00 3.653500e-03 7.322032e-02 7.498848e+10
2.498000e+01 6.294997e-02 7.398225e+00 3.721054e-03 7.247036e-02 6.772349e+10
2.498000e+01 6.409897e-02 7.833570e+00 3.788973e-03 7.162977e-02 6.114979e+10
2.498000e+01 6.527289e-02 8.294533e+00 3.858364e-03 7.066727e-02 5.509482e+10
2.498000e+01 6.644466e-02 8.782621e+00 3.927629e-03 6.956418e-02 4.961831e+10
2.498000e+01 6.761661e-02 9.299431e+00 3.996905e-03 6.840861e-02 4.470955e+10
2.498000e+01 6.925926e-02 9.846652e+00 4.094004e-03 6.666253e-02 3.864107e+10
2.498000e+01 7.168880e-02 1.042607e+01 4.237618e-03 6.382301e-02 3.113703e+10
2.498000e+01 7.447148e-02 1.103959e+01 4.402105e-03 5.982941e-02 2.412801e+10
2.498000e+01 7.748431e-02 1.168921e+01 4.580197e-03 5.746821e-02 1.900709e+10
2.498000e+01 8.064107e-02 1.237706e+01 4.766798e-03 5.399292e-02 1.462554e+10
2.498000e+01 8.389197e-02 1.310538e+01 4.958963e-03 5.261433e-02 1.169657e+10
2.498000e+01 8.718127e-02 1.387656e+01 5.153397e-03 5.056264e-02 9.274069e+09
2.498000e+01 9.046530e-02 1.469312e+01 5.347521e-03 4.892441e-02 7.458851e+09
2.498000e+01 9.370913e-02 1.555773e+01 5.539267e-03 4.782111e-02 6.113175e+09
2.498000e+01 9.687418e-02 1.647322e+01 5.726358e-03 4.719660e-02 5.110072e+09
2.498000e+01 9.994854e-02 1.744258e+01 5.908087e-03 4.570029e-02 4.232464e+09
2.498000e+01 1.029196e-01 1.846898e+01 6.083711e-03 4.550635e-02 3.640307e+09
2.498000e+01 1.057676e-01 1.955578e+01 6.252058e-03 4.388853e-02 3.062985e+09
2.498000e+01 1.084924e-01 2.070653e+01 6.413128e-03 4.260635e-02 2.618384e+09
2.498000e+01 1.110877e-01 2.192500e+01 6.566537e-03 4.211494e-02 2.299655e+09
2.498000e+01 1.135427e-01 2.321517e+01 6.711655e-03 4.077729e-02 1.996085e+09
2.498000e+01 1.158551e-01 2.458125e+01 6.848342e-03 4.020295e-02 1.779261e+09
2.498000e+01 1.180229e-01 2.602773e+01 6.976485e-03 3.945874e-02 1.591727e+09
2.498000e+01 1.200480e-01 2.755932e+01 7.096195e-03 3.757232e-02 1.392032e+09
2.498000e+01 1.219334e-01 2.918103e+01 7.207639e-03 3.658699e-02 1.253921e+09
2.498000e+01 1.236802e-01 3.089818e+01 7.310898e-03 3.545811e-02 1.131803e+09
2.498000e+01 1.252897e-01 3.271637e+01 7.406034e-03 3.461574e-02 1.035747e+09
2.498000e+01 1.267647e-01 3.464155e+01 7.493226e-03 3.338584e-02 9.421649e+08
2.498000e+01 1.281063e-01 3.668002e+01 7.572529e-03 3.204242e-02 8.578854e+08
2.498000e+01 1.293167e-01 3.883844e+01 7.644076e-03 3.128515e-02 7.991386e+08
2.498000e+01 1.303981e-01 4.112387e+01 7.707999e-03 3.031776e-02 7.428442e+08
2.498000e+01 1.313610e-01 4.354378e+01 7.764919e-03 2.918663e-02 6.892996e+08
2.498000e+01 1.322058e-01 4.610610e+01 7.814857e-03 2.773723e-02 6.344051e+08
2.498000e+01 1.329388e-01 4.881919e+01 7.858186e-03 2.700464e-02 6.008080e+08
2.498000e+01 1.335635e-01 5.169194e+01 7.895108e-03 2.601413e-02 5.653634e+08
2.498000e+01 1.340834e-01 5.473373e+01 7.925842e-03 2.525293e-02 5.382617e+08
2.498000e+01 1.345026e-01 5.795451e+01 7.950624e-03 2.397075e-02 5.030189e+08
2.498000e+01 1.348281e-01 6.136482e+01 7.969865e-03 2.304013e-02 4.776819e+08
2.498000e+01 1.350630e-01 6.497581e+01 7.983746e-03 2.240930e-02 4.605783e+08
2.498000e+01 1.352071e-01 6.879928e+01 7.992264e-03 2.113074e-02 4.319908e+08
2.498000e+01 1.352729e-01 7.284774e+01 7.996154e-03 2.040893e-02 4.162203e+08
2.498000e+01 1.352575e-01 7.713444e+01 7.995248e-03 1.943538e-02 3.965904e+08
2.498000e+01 1.351678e-01 8.167338e+01 7.989941e-03 1.864031e-02 3.816313e+08
2.498000e+01 1.350084e-01 8.647942e+01 7.980518e-03 1.807422e-02 3.722314e+08
2.498000e+01 1.347821e-01 9.156826e+01 7.967143e-03 1.717577e-02 3.567072e+08
2.498000e+01 1.344908e-01 9.695656e+01 7.949927e-03 1.689919e-02 3.547798e+08
2.498000e+01 1.341083e-01 1.026619e+02 7.927313e-03 1.569326e-02 3.341888e+08
2.498000e+01 1.328113e-01 1.087030e+02 7.850647e-03 1.165441e-02 2.605384e+08
2.498000e+01 1.358360e-01 1.150996e+02 8.029441e-03 7.967962e-03 1.591583e+08
2.498000e+01 1.431980e-01 1.218726e+02 8.464616e-03 5.753343e-03 8.826583e+07
2.288000e+01 1.537332e-01 1.290441e+02 9.921434e-03 6.451578e-03 4.474066e+07
1.990000e+01 1.663498e-01 1.366377e+02 1.234332e-02 1.043994e-02 2.429107e+07
1.702000e+01 1.897497e-01 1.446781e+02 1.646207e-02 1.903450e-02 1.049610e+07
1.529000e+01 2.192265e-01 1.531916e+02 2.117135e-02 3.057435e-02 4.792076e+06
1.427000e+01 2.505279e-01 1.622061e+02 2.592359e-02 4.373654e-02 2.490450e+06
1.348000e+01 2.939261e-01 1.717510e+02 3.219669e-02 6.130304e-02 1.181231e+06
1.304000e+01 3.400737e-01 1.818576e+02 3.850866e-02 7.770810e-02 6.117630e+05
1.274000e+01 3.958625e-01 1.925590e+02 4.588152e-02 9.508361e-02 3.117635e+05
1.257000e+01 4.555118e-01 2.038900e+02 5.350905e-02 1.103012e-01 1.676305e+05
1.248000e+01 5.241071e-01 2.158878e+02 6.201094e-02 1.238129e-01 9.001878e+04
1.245000e+01 5.986287e-01 2.285917e+02 7.099881e-02 1.343676e-01 4.965328e+04
1.246000e+01 6.784269e-01 2.420431e+02 8.039849e-02 1.417382e-01 2.812912e+04
1.250000e+01 7.631762e-01 2.562860e+02 9.015248e-02 1.458776e-01 1.633085e+04
1.255000e+01 8.519237e-01 2.713670e+02 1.002351e-01 1.474796e-01 9.717211e+03
1.260000e+01 9.433469e-01 2.873355e+02 1.105513e-01 1.469326e-01 5.932098e+03
1.266000e+01 1.036050e+00 3.042436e+02 1.208398e-01 1.437271e-01 3.718754e+03
1.271000e+01 1.129578e+00 3.221467e+02 1.312301e-01 1.393673e-01 2.387274e+03
1.275000e+01 1.221253e+00 3.411033e+02 1.414355e-01 1.338274e-01 1.576383e+03
1.278000e+01 1.310760e+00 3.611754e+02 1.514451e-01 1.274812e-01 1.066788e+03
1.280000e+01 1.396403e+00 3.824286e+02 1.610882e-01 1.207395e-01 7.420615e+02
1.280000e+01 1.477561e+00 4.049324e+02 1.704505e-01 1.141314e-01 5.288387e+02
1.279000e+01 1.553630e+00 4.287605e+02 1.793659e-01 1.074053e-01 3.856872e+02
1.277000e+01 1.624004e+00 4.539907e+02 1.877843e-01 1.008516e-01 2.879358e+02
1.275000e+01 1.688460e+00 4.807056e+02 1.955435e-01 9.418178e-02 2.196134e+02
1.271000e+01 1.746908e+00 5.089925e+02 2.029491e-01 8.826373e-02 1.709050e+02
1.266000e+01 1.799415e+00 5.389440e+02 2.098749e-01 8.274592e-02 1.354729e+02
1.260000e+01 1.846160e+00 5.706579e+02 2.163523e-01 7.769980e-02 1.092750e+02
1.254000e+01 1.887360e+00 6.042380e+02 2.222389e-01 7.287207e-02 8.961274e+01
1.247000e+01 1.923307e+00 6.397942e+02 2.277430e-01 6.847108e-02 7.450584e+01
1.239000e+01 1.954336e+00 6.774426e+02 2.329115e-01 6.466463e-02 6.289573e+01
1.232000e+01 1.980792e+00 7.173064e+02 2.374057e-01 6.085820e-02 5.379875e+01
1.224000e+01 2.003018e+00 7.595160e+02 2.416386e-01 5.745517e-02 4.649501e+01
1.215000e+01 2.021351e+00 8.042094e+02 2.456566e-01 5.456458e-02 4.066097e+01
1.206000e+01 2.036122e+00 8.515327e+02 2.492983e-01 5.180284e-02 3.586458e+01
1.198000e+01 2.047636e+00 9.016408e+02 2.523823e-01 4.912377e-02 3.198205e+01
1.189000e+01 2.056257e+00 9.546975e+02 2.553632e-01 4.676588e-02 2.871085e+01
1.180000e+01 2.062090e+00 1.010876e+03 2.580408e-01 4.466765e-02 2.602915e+01
1.171000e+01 2.065530e+00 1.070361e+03 2.604579e-01 4.273237e-02 2.376720e+01
1.162000e+01 2.066783e+00 1.133346e+03 2.626345e-01 4.091281e-02 2.182777e+01
1.152000e+01 2.066050e+00 1.200037e+03 2.648203e-01 3.942499e-02 2.018014e+01
1.143000e+01 2.063541e+00 1.270653e+03 2.665813e-01 3.792326e-02 1.877872e+01
1.134000e+01 2.059413e+00 1.345424e+03 2.681595e-01 3.647021e-02 1.753401e+01
1.125000e+01 2.053851e+00 1.424595e+03 2.695748e-01 3.527958e-02 1.652097e+01
1.117000e+01 2.047062e+00 1.508424e+03 2.706081e-01 3.397106e-02 1.560680e+01
1.108000e+01 2.039002e+00 1.597187e+03 2.717320e-01 3.297625e-02 1.483905e+01
1.099000e+01 2.029971e+00 1.691173e+03 2.727439e-01 3.198920e-02 1.412983e+01
1.091000e+01 2.020036e+00 1.790689e+03 2.733992e-01 3.104004e-02 1.354704e+01
1.082000e+01 2.009285e+00 1.896061e+03 2.742061e-01 3.020943e-02 1.299169e+01
1.074000e+01 1.997830e+00 2.007634e+03 2.746737e-01 2.951361e-02 1.258479e+01
1.066000e+01 1.985752e+00 2.125772e+03 2.750621e-01 2.873392e-02 1.216606e+01
1.058000e+01 1.973126e+00 2.250863e+03 2.753798e-01 2.808084e-02 1.182111e+01
1.050000e+01 1.960031e+00 2.383314e+03 2.756363e-01 2.744923e-02 1.150156e+01
1.043000e+01 1.946538e+00 2.523559e+03 2.755760e-01 2.704792e-02 1.134581e+01
1.035000e+01 1.932706e+00 2.672057e+03 2.757328e-01 2.641349e-02 1.104823e+01
1.028000e+01 1.918582e+00 2.829293e+03 2.755815e-01 2.594605e-02 1.088253e+01
1.021000e+01 1.904231e+00 2.995781e+03 2.753954e-01 2.545583e-02 1.071303e+01
1.014000e+01 1.889701e+00 3.172066e+03 2.751807e-01 2.504928e-02 1.058314e+01
1.007000e+01 1.875043e+00 3.358725e+03 2.749442e-01 2.469331e-02 1.047769e+01
1.001000e+01 1.860270e+00 3.556368e+03 2.744131e-01 2.432862e-02 1.042322e+01
9.950000e+00 1.845459e+00 3.765641e+03 2.738699e-01 2.388532e-02 1.033519e+01
9.880000e+00 1.830605e+00 3.987229e+03 2.735903e-01 2.355408e-02 1.024405e+01
9.830000e+00 1.815778e+00 4.221855e+03 2.727546e-01 2.340907e-02 1.033791e+01
9.770000e+00 1.800997e+00 4.470289e+03 2.721957e-01 2.321273e-02 1.035686e+01
9.710000e+00 1.786266e+00 4.733341e+03 2.716376e-01 2.304631e-02 1.038869e+01
9.660000e+00 1.771634e+00 5.011872e+03 2.708068e-01 2.284641e-02 1.045751e+01
