# Radius (km) mass (in M_0) cen. den(MeV/fm^3) compactness
2.998000e+01 4.241756e-02 1.000000e+00 2.089185e-03
2.998000e+01 4.251007e-02 1.028903e+00 2.093742e-03
2.998000e+01 4.259857e-02 1.058642e+00 2.098100e-03
2.998000e+01 4.268203e-02 1.089240e+00 2.102211e-03
2.998000e+01 4.276235e-02 1.120723e+00 2.106167e-03
2.998000e+01 4.283824e-02 1.153116e+00 2.109905e-03
2.998000e+01 4.297486e-02 1.186445e+00 2.116634e-03
2.998000e+01 4.312814e-02 1.220737e+00 2.124183e-03
2.998000e+01 4.328360e-02 1.256020e+00 2.131840e-03
2.998000e+01 4.344124e-02 1.292323e+00 2.139604e-03
2.998000e+01 4.360058e-02 1.329676e+00 2.147452e-03
2.998000e+01 4.376176e-02 1.368108e+00 2.155391e-03
2.998000e+01 4.392335e-02 1.407651e+00 2.163349e-03
2.998000e+01 4.408512e-02 1.448337e+00 2.171317e-03
2.998000e+01 4.424760e-02 1.490199e+00 2.179320e-03
2.998000e+01 4.440921e-02 1.533270e+00 2.187280e-03
2.998000e+01 4.457012e-02 1.577587e+00 2.195205e-03
2.998000e+01 4.473087e-02 1.623185e+00 2.203122e-03
2.998000e+01 4.491657e-02 1.670100e+00 2.212269e-03
2.998000e+01 4.510306e-02 1.718371e+00 2.221454e-03
2.998000e+01 4.528961e-02 1.768038e+00 2.230642e-03
2.998000e+01 4.547639e-02 1.819140e+00 2.239841e-03
2.998000e+01 4.566276e-02 1.871720e+00 2.249020e-03
2.998000e+01 4.584752e-02 1.925819e+00 2.258120e-03
2.998000e+01 4.603394e-02 1.981481e+00 2.267302e-03
2.998000e+01 4.621332e-02 2.038753e+00 2.276137e-03
2.998000e+01 4.639683e-02 2.097679e+00 2.285175e-03
2.998000e+01 4.659255e-02 2.158309e+00 2.294815e-03
2.998000e+01 4.678691e-02 2.220692e+00 2.304388e-03
2.998000e+01 4.697902e-02 2.284877e+00 2.313850e-03
2.998000e+01 4.716911e-02 2.350918e+00 2.323212e-03
2.998000e+01 4.735705e-02 2.418867e+00 2.332469e-03
2.998000e+01 4.754197e-02 2.488781e+00 2.341577e-03
2.998000e+01 4.772603e-02 2.560715e+00 2.350642e-03
2.998000e+01 4.791337e-02 2.634728e+00 2.359869e-03
2.998000e+01 4.809745e-02 2.710880e+00 2.368936e-03
2.998000e+01 4.828069e-02 2.789234e+00 2.377961e-03
2.998000e+01 4.845720e-02 2.869852e+00 2.386655e-03
2.998000e+01 4.863167e-02 2.952801e+00 2.395248e-03
2.998000e+01 4.880656e-02 3.038146e+00 2.403861e-03
2.998000e+01 4.898744e-02 3.125959e+00 2.412770e-03
2.998000e+01 4.916253e-02 3.216310e+00 2.421394e-03
2.998000e+01 4.933505e-02 3.309272e+00 2.429891e-03
2.998000e+01 4.950289e-02 3.404921e+00 2.438158e-03
2.998000e+01 4.966824e-02 3.503334e+00 2.446302e-03
2.998000e+01 4.983257e-02 3.604593e+00 2.454396e-03
2.998000e+01 4.999260e-02 3.708777e+00 2.462277e-03
2.998000e+01 5.014535e-02 3.815974e+00 2.469801e-03
2.998000e+01 5.030189e-02 3.926268e+00 2.477510e-03
2.998000e+01 5.044664e-02 4.039750e+00 2.484640e-03
2.998000e+01 5.058737e-02 4.156513e+00 2.491571e-03
2.998000e+01 5.072064e-02 4.276650e+00 2.498135e-03
2.998000e+01 5.085198e-02 4.400259e+00 2.504604e-03
2.998000e+01 5.098314e-02 4.527441e+00 2.511064e-03
2.998000e+01 5.112218e-02 4.658300e+00 2.517912e-03
2.998000e+01 5.125329e-02 4.792940e+00 2.524370e-03
2.998000e+01 5.137868e-02 4.931472e+00 2.530546e-03
2.998000e+01 5.149954e-02 5.074008e+00 2.536499e-03
2.998000e+01 5.161587e-02 5.220664e+00 2.542228e-03
2.998000e+01 5.172916e-02 5.371559e+00 2.547808e-03
2.998000e+01 5.184544e-02 5.526815e+00 2.553535e-03
2.998000e+01 5.195598e-02 5.686558e+00 2.558979e-03
2.998000e+01 5.205957e-02 5.850919e+00 2.564081e-03
2.998000e+01 5.217129e-02 6.020030e+00 2.569584e-03
2.998000e+01 5.227731e-02 6.194029e+00 2.574806e-03
2.998000e+01 5.237308e-02 6.373057e+00 2.579523e-03
2.998000e+01 5.246015e-02 6.557260e+00 2.583811e-03
2.998000e+01 5.254566e-02 6.746787e+00 2.588023e-03
2.998000e+01 5.262965e-02 6.941792e+00 2.592159e-03
2.998000e+01 5.271788e-02 7.142433e+00 2.596505e-03
2.998000e+01 5.279243e-02 7.348873e+00 2.600177e-03
2.998000e+01 5.286690e-02 7.561280e+00 2.603845e-03
2.998000e+01 5.294139e-02 7.779826e+00 2.607513e-03
2.998000e+01 5.300604e-02 8.004689e+00 2.610698e-03
2.998000e+01 5.307619e-02 8.236052e+00 2.614153e-03
2.998000e+01 5.314855e-02 8.474101e+00 2.617717e-03
2.998000e+01 5.321774e-02 8.719031e+00 2.621125e-03
2.998000e+01 5.326483e-02 8.971040e+00 2.623444e-03
2.998000e+01 5.334476e-02 9.230333e+00 2.627381e-03
2.998000e+01 5.339872e-02 9.497121e+00 2.630039e-03
2.998000e+01 5.346301e-02 9.771620e+00 2.633205e-03
2.998000e+01 5.352591e-02 1.005405e+01 2.636303e-03
2.998000e+01 5.358449e-02 1.034465e+01 2.639188e-03
2.998000e+01 5.364546e-02 1.064364e+01 2.642191e-03
2.998000e+01 5.370116e-02 1.095128e+01 2.644935e-03
2.998000e+01 5.375635e-02 1.126781e+01 2.647653e-03
2.998000e+01 5.380926e-02 1.159349e+01 2.650258e-03
2.998000e+01 5.385888e-02 1.192858e+01 2.652703e-03
2.998000e+01 5.392059e-02 1.227335e+01 2.655742e-03
2.998000e+01 5.397744e-02 1.262809e+01 2.658542e-03
2.998000e+01 5.403750e-02 1.299309e+01 2.661500e-03
2.998000e+01 5.409504e-02 1.336863e+01 2.664334e-03
2.998000e+01 5.415363e-02 1.375503e+01 2.667220e-03
2.998000e+01 5.422793e-02 1.415260e+01 2.670879e-03
2.998000e+01 5.429982e-02 1.456165e+01 2.674420e-03
2.998000e+01 5.437658e-02 1.498253e+01 2.678200e-03
2.998000e+01 5.445891e-02 1.541558e+01 2.682256e-03
2.998000e+01 5.453904e-02 1.586114e+01 2.686202e-03
2.998000e+01 5.461850e-02 1.631958e+01 2.690116e-03
2.998000e+01 5.470632e-02 1.679127e+01 2.694442e-03
2.998000e+01 5.479090e-02 1.727660e+01 2.698607e-03
2.998000e+01 5.489907e-02 1.777595e+01 2.703935e-03
2.998000e+01 5.502517e-02 1.828973e+01 2.710146e-03
2.998000e+01 5.513630e-02 1.881837e+01 2.715619e-03
2.998000e+01 5.525938e-02 1.936228e+01 2.721681e-03
2.998000e+01 5.542480e-02 1.992192e+01 2.729828e-03
2.998000e+01 5.560114e-02 2.049773e+01 2.738514e-03
2.998000e+01 5.575603e-02 2.109018e+01 2.746143e-03
2.998000e+01 5.596635e-02 2.169976e+01 2.756501e-03
2.998000e+01 5.619260e-02 2.232695e+01 2.767645e-03
2.998000e+01 5.629892e-02 2.297228e+01 2.772882e-03
2.998000e+01 5.643946e-02 2.363625e+01 2.779804e-03
2.998000e+01 5.686255e-02 2.431942e+01 2.800642e-03
2.998000e+01 5.734963e-02 2.502233e+01 2.824632e-03
2.998000e+01 5.791154e-02 2.574556e+01 2.852308e-03
2.998000e+01 5.854833e-02 2.648969e+01 2.883671e-03
2.998000e+01 5.927460e-02 2.725533e+01 2.919442e-03
2.998000e+01 6.007944e-02 2.804310e+01 2.959083e-03
2.998000e+01 6.095611e-02 2.885364e+01 3.002261e-03
2.998000e+01 6.189113e-02 2.968761e+01 3.048314e-03
2.998000e+01 6.287541e-02 3.054568e+01 3.096792e-03
2.998000e+01 6.387390e-02 3.142856e+01 3.145971e-03
2.998000e+01 6.491123e-02 3.233695e+01 3.197062e-03
2.998000e+01 6.599064e-02 3.327159e+01 3.250226e-03
2.998000e+01 6.709003e-02 3.423325e+01 3.304374e-03
2.998000e+01 6.820471e-02 3.522271e+01 3.359275e-03
2.998000e+01 6.932858e-02 3.624076e+01 3.414629e-03
2.998000e+01 7.046786e-02 3.728824e+01 3.470742e-03
2.998000e+01 7.161295e-02 3.836600e+01 3.527141e-03
2.998000e+01 7.276873e-02 3.947490e+01 3.584066e-03
2.998000e+01 7.391651e-02 4.061586e+01 3.640598e-03
2.998000e+01 7.506451e-02 4.178979e+01 3.697140e-03
2.998000e+01 7.620003e-02 4.299766e+01 3.753068e-03
2.998000e+01 7.732186e-02 4.424044e+01 3.808321e-03
2.998000e+01 7.843318e-02 4.551913e+01 3.863057e-03
2.998000e+01 7.953018e-02 4.683479e+01 3.917087e-03
2.998000e+01 8.061576e-02 4.818847e+01 3.970555e-03
2.998000e+01 8.168629e-02 4.958128e+01 4.023281e-03
2.998000e+01 8.273755e-02 5.101434e+01 4.075059e-03
2.998000e+01 8.460508e-02 5.248883e+01 4.167040e-03
2.998000e+01 8.664055e-02 5.400593e+01 4.267293e-03
2.998000e+01 8.875907e-02 5.556689e+01 4.371636e-03
2.998000e+01 9.095334e-02 5.717295e+01 4.479710e-03
2.998000e+01 9.321593e-02 5.882544e+01 4.591149e-03
2.998000e+01 9.552843e-02 6.052570e+01 4.705046e-03
2.998000e+01 9.788294e-02 6.227509e+01 4.821012e-03
2.998000e+01 1.002751e-01 6.407505e+01 4.938831e-03
2.998000e+01 1.026826e-01 6.592704e+01 5.057409e-03
2.998000e+01 1.051008e-01 6.783255e+01 5.176510e-03
2.998000e+01 1.075226e-01 6.979314e+01 5.295794e-03
2.998000e+01 1.099427e-01 7.181039e+01 5.414989e-03
2.998000e+01 1.123550e-01 7.388595e+01 5.533803e-03
2.921000e+01 1.147400e-01 7.602150e+01 5.800242e-03
2.744000e+01 1.179566e-01 7.821878e+01 6.347477e-03
2.562000e+01 1.218546e-01 8.047956e+01 7.023051e-03
2.407000e+01 1.258699e-01 8.280569e+01 7.721625e-03
2.279000e+01 1.299768e-01 8.519906e+01 8.421400e-03
2.172000e+01 1.341486e-01 8.766159e+01 9.119881e-03
2.081000e+01 1.383638e-01 9.019531e+01 9.817782e-03
2.006000e+01 1.426026e-01 9.280225e+01 1.049686e-02
1.938000e+01 1.468455e-01 9.548455e+01 1.118845e-02
1.881000e+01 1.510821e-01 9.824437e+01 1.186006e-02
1.816000e+01 1.565590e-01 1.010840e+02 1.272990e-02
1.753000e+01 1.628296e-01 1.040056e+02 1.371558e-02
1.700000e+01 1.692227e-01 1.070117e+02 1.469849e-02
1.653000e+01 1.756980e-01 1.101047e+02 1.569483e-02
1.614000e+01 1.822202e-01 1.132871e+02 1.667077e-02
1.581000e+01 1.887624e-01 1.165615e+02 1.762977e-02
1.546000e+01 1.964645e-01 1.199305e+02 1.876452e-02
1.510000e+01 2.054658e-01 1.233969e+02 2.009211e-02
1.480000e+01 2.146072e-01 1.269635e+02 2.141142e-02
1.453000e+01 2.238300e-01 1.306332e+02 2.274655e-02
1.430000e+01 2.330878e-01 1.344089e+02 2.406835e-02
1.405000e+01 2.450607e-01 1.382938e+02 2.575492e-02
1.383000e+01 2.573614e-01 1.422909e+02 2.747793e-02
1.364000e+01 2.697733e-01 1.464036e+02 2.920435e-02
1.347000e+01 2.835239e-01 1.506352e+02 3.108028e-02
1.331000e+01 2.990212e-01 1.549890e+02 3.317315e-02
1.318000e+01 3.146483e-01 1.594687e+02 3.525112e-02
1.307000e+01 3.321611e-01 1.640779e+02 3.752633e-02
1.296000e+01 3.510546e-01 1.688203e+02 3.999747e-02
1.287000e+01 3.706685e-01 1.736998e+02 4.252751e-02
1.279000e+01 3.927545e-01 1.787203e+02 4.534334e-02
1.272000e+01 4.153746e-01 1.838859e+02 4.821872e-02
1.267000e+01 4.405588e-01 1.892008e+02 5.134405e-02
1.262000e+01 4.667745e-01 1.946694e+02 5.461484e-02
1.259000e+01 4.948715e-01 2.002960e+02 5.804029e-02
1.257000e+01 5.249866e-01 2.060852e+02 6.167027e-02
1.255000e+01 5.564675e-01 2.120418e+02 6.547250e-02
1.255000e+01 5.897679e-01 2.181705e+02 6.939054e-02
1.255000e+01 6.252729e-01 2.244763e+02 7.356797e-02
1.256000e+01 6.623673e-01 2.309645e+02 7.787035e-02
1.258000e+01 7.011042e-01 2.376401e+02 8.229336e-02
1.259000e+01 7.414728e-01 2.445087e+02 8.696257e-02
1.261000e+01 7.834021e-01 2.515758e+02 9.173446e-02
1.264000e+01 8.267707e-01 2.588472e+02 9.658304e-02
1.266000e+01 8.714209e-01 2.663288e+02 1.016382e-01
1.269000e+01 9.171706e-01 2.740265e+02 1.067214e-01
1.272000e+01 9.639358e-01 2.819468e+02 1.118984e-01
1.275000e+01 1.011611e+00 2.900960e+02 1.171565e-01
1.278000e+01 1.059733e+00 2.984808e+02 1.224415e-01
1.281000e+01 1.108248e+00 3.071079e+02 1.277470e-01
1.283000e+01 1.156954e+00 3.159843e+02 1.331535e-01
1.285000e+01 1.205594e+00 3.251173e+02 1.385354e-01
1.288000e+01 1.253902e+00 3.345143e+02 1.437509e-01
1.289000e+01 1.301816e+00 3.441829e+02 1.491281e-01
1.291000e+01 1.349027e+00 3.541309e+02 1.542969e-01
1.292000e+01 1.395381e+00 3.643665e+02 1.594752e-01
1.293000e+01 1.440784e+00 3.748979e+02 1.645369e-01
1.294000e+01 1.485037e+00 3.857337e+02 1.694595e-01
1.294000e+01 1.528010e+00 3.968827e+02 1.743632e-01
1.294000e+01 1.569603e+00 4.083540e+02 1.791094e-01
1.294000e+01 1.609737e+00 4.201568e+02 1.836891e-01
1.293000e+01 1.648327e+00 4.323007e+02 1.882382e-01
1.292000e+01 1.685327e+00 4.447957e+02 1.926126e-01
1.291000e+01 1.720715e+00 4.576517e+02 1.968092e-01
1.290000e+01 1.754454e+00 4.708794e+02 2.008238e-01
1.288000e+01 1.786535e+00 4.844894e+02 2.048134e-01
1.286000e+01 1.816950e+00 4.984928e+02 2.086243e-01
1.284000e+01 1.845720e+00 5.129009e+02 2.122578e-01
1.281000e+01 1.872876e+00 5.277254e+02 2.158852e-01
1.279000e+01 1.898431e+00 5.429785e+02 2.191731e-01
1.276000e+01 1.922426e+00 5.586724e+02 2.224651e-01
1.273000e+01 1.944898e+00 5.748199e+02 2.255959e-01
1.270000e+01 1.965885e+00 5.914341e+02 2.285690e-01
1.266000e+01 1.985444e+00 6.085285e+02 2.315724e-01
1.263000e+01 2.003612e+00 6.261170e+02 2.342465e-01
1.259000e+01 2.020457e+00 6.442139e+02 2.369664e-01
1.255000e+01 2.035993e+00 6.628339e+02 2.395496e-01
1.252000e+01 2.050308e+00 6.819920e+02 2.418119e-01
1.248000e+01 2.063438e+00 7.017038e+02 2.441405e-01
1.244000e+01 2.075431e+00 7.219854e+02 2.463490e-01
1.240000e+01 2.086351e+00 7.428532e+02 2.484440e-01
1.235000e+01 2.096208e+00 7.643242e+02 2.506284e-01
1.231000e+01 2.105089e+00 7.864157e+02 2.525081e-01
1.227000e+01 2.113033e+00 8.091457e+02 2.542872e-01
1.222000e+01 2.120108e+00 8.325328e+02 2.561826e-01
1.218000e+01 2.126257e+00 8.565958e+02 2.577694e-01
1.214000e+01 2.131629e+00 8.813542e+02 2.592721e-01
1.209000e+01 2.136226e+00 9.068283e+02 2.609058e-01
1.205000e+01 2.140092e+00 9.330387e+02 2.622456e-01
1.200000e+01 2.143253e+00 9.600067e+02 2.637273e-01
1.196000e+01 2.145757e+00 9.877541e+02 2.649185e-01
1.191000e+01 2.147629e+00 1.016303e+03 2.662627e-01
1.187000e+01 2.148908e+00 1.045678e+03 2.673191e-01
1.182000e+01 2.149620e+00 1.075902e+03 2.685389e-01
1.178000e+01 2.149797e+00 1.106999e+03 2.694729e-01
1.173000e+01 2.149468e+00 1.138995e+03 2.705800e-01
1.169000e+01 2.148655e+00 1.171916e+03 2.714032e-01
1.164000e+01 2.147388e+00 1.205788e+03 2.724084e-01
1.160000e+01 2.145698e+00 1.240639e+03 2.731325e-01
1.155000e+01 2.143585e+00 1.276498e+03 2.740448e-01
1.151000e+01 2.141106e+00 1.313393e+03 2.746791e-01
1.146000e+01 2.138250e+00 1.351354e+03 2.755096e-01
1.142000e+01 2.135058e+00 1.390413e+03 2.760619e-01
1.138000e+01 2.131540e+00 1.430601e+03 2.765757e-01
1.133000e+01 2.127711e+00 1.471950e+03 2.772973e-01
1.129000e+01 2.123600e+00 1.514494e+03 2.777420e-01
1.125000e+01 2.119217e+00 1.558268e+03 2.781542e-01
1.120000e+01 2.114574e+00 1.603307e+03 2.787839e-01
1.116000e+01 2.109694e+00 1.649648e+03 2.791374e-01
1.112000e+01 2.104592e+00 1.697328e+03 2.794640e-01
1.108000e+01 2.099275e+00 1.746387e+03 2.797644e-01
1.103000e+01 2.093750e+00 1.796863e+03 2.802929e-01
1.099000e+01 2.088055e+00 1.848799e+03 2.805479e-01
1.095000e+01 2.082175e+00 1.902235e+03 2.807799e-01
1.091000e+01 2.076134e+00 1.957216e+03 2.809917e-01
1.087000e+01 2.069939e+00 2.013786e+03 2.811842e-01
1.083000e+01 2.063603e+00 2.071991e+03 2.813588e-01
1.079000e+01 2.057131e+00 2.131879e+03 2.815162e-01
1.075000e+01 2.050539e+00 2.193497e+03 2.816583e-01
1.072000e+01 2.043840e+00 2.256897e+03 2.815238e-01
1.068000e+01 2.037031e+00 2.322129e+03 2.816368e-01
1.064000e+01 2.030130e+00 2.389246e+03 2.817378e-01
1.060000e+01 2.023130e+00 2.458303e+03 2.818258e-01
1.057000e+01 2.016060e+00 2.529356e+03 2.816381e-01
1.053000e+01 2.008919e+00 2.602463e+03 2.817065e-01
1.049000e+01 2.001704e+00 2.677683e+03 2.817651e-01
1.046000e+01 1.994428e+00 2.755077e+03 2.815461e-01
1.042000e+01 1.987106e+00 2.834708e+03 2.815893e-01
1.039000e+01 1.979731e+00 2.916641e+03 2.813542e-01
1.036000e+01 1.972322e+00 3.000941e+03 2.811131e-01
1.032000e+01 1.964871e+00 3.087679e+03 2.811365e-01
1.029000e+01 1.957388e+00 3.176923e+03 2.808824e-01
1.026000e+01 1.949888e+00 3.268747e+03 2.806243e-01
1.022000e+01 1.942363e+00 3.363224e+03 2.806354e-01
1.019000e+01 1.934830e+00 3.460433e+03 2.803700e-01
1.016000e+01 1.927279e+00 3.560451e+03 2.801004e-01
1.013000e+01 1.919728e+00 3.663360e+03 2.798292e-01
1.010000e+01 1.912178e+00 3.769243e+03 2.795566e-01
1.007000e+01 1.904622e+00 3.878187e+03 2.792815e-01
1.004000e+01 1.897083e+00 3.990280e+03 2.790072e-01
1.001000e+01 1.889542e+00 4.105612e+03 2.787311e-01
9.980000e+00 1.882025e+00 4.224278e+03 2.784567e-01
9.960000e+00 1.874530e+00 4.346374e+03 2.779047e-01
9.930000e+00 1.867045e+00 4.471999e+03 2.776313e-01
9.900000e+00 1.859591e+00 4.601254e+03 2.773608e-01
9.880000e+00 1.852169e+00 4.734246e+03 2.768131e-01
9.850000e+00 1.844782e+00 4.871082e+03 2.765488e-01
9.820000e+00 1.837414e+00 5.011872e+03 2.762858e-01
